# Routewild maps — edit carefully; grids are 20x15 tile ids
# TILE: 0 grass 1 path 2 tall 3 tree 4 water 5 flower 6 rock 7 floor 8 fence 9 building 10 ledge

[town]
Name = Petalvale
Panorama = town
Encounter = false
StartX = 10
StartY = 12
BGM = Town
Warp1 = 10,14,route,10,2,down
Warp2 = 9,14,route,10,2,down
Warp3 = 18,9,pen,4,12,right
Warp4 = 10,0,route,10,2,up
NPC1 = healer,15,6,Nurse Sakura,heal,nurse,Welcome to the Petal Shrine. | I'll mend your party's wounds — rest easy.
NPC2 = shop,4,6,Vendor Moss,shop,vendor,Petal goods and boutique looks! | Orbs, tonics, and outfits await.
NPC3 = guide,10,9,Elder Bloom,talk,elder,Catch creatures, raise skills, and style your look. | South stairs lead to Blossom Route. East path opens the Pen. | Use the location menu above to teleport between areas.
NPC4 = stylist,7,4,Tailor Pip,style,scout,Need a new cloak or clip? | Open the Style menu anytime with C — or talk to me!
Grid = \
3,3,3,3,3,3,3,3,3,3,1,3,3,3,3,3,3,3,3,3\
3,9,9,9,8,7,7,7,9,9,1,9,9,7,9,9,9,9,7,3\
3,9,9,9,8,5,7,7,9,9,1,9,9,5,9,9,9,9,7,3\
3,8,8,1,1,1,1,1,1,1,1,1,1,1,1,1,1,1,1,3\
3,7,5,1,9,9,9,7,7,1,7,7,7,9,9,7,1,5,7,3\
3,7,7,1,9,9,9,7,7,1,7,7,9,9,9,7,1,7,7,3\
3,7,7,1,1,1,1,1,1,1,1,1,1,1,1,1,1,7,7,3\
3,4,4,1,7,7,7,7,6,6,6,7,7,7,7,7,1,7,5,3\
3,4,4,1,7,7,7,7,6,7,6,7,7,9,9,7,1,7,7,3\
3,7,5,1,1,1,1,1,1,1,1,1,1,1,1,1,1,1,1,3\
3,9,9,9,7,7,7,7,7,1,7,7,7,7,9,9,9,4,4,3\
3,9,9,9,7,5,7,7,7,1,7,7,5,7,9,9,9,4,4,3\
3,8,8,1,1,1,7,7,7,1,7,7,7,1,1,1,8,8,7,3\
3,7,7,7,7,7,7,7,1,1,1,7,7,7,7,7,7,7,7,3\
3,3,3,3,3,3,3,3,3,1,1,3,3,3,3,3,3,3,3,3

[route]
Name = Blossom Route
Panorama = route
Encounter = true
StartX = 10
StartY = 2
BGM = Route
Warp1 = 10,0,town,10,13,up
Warp2 = 19,8,grove,2,7,right
Warp3 = 18,8,grove,2,7,right
Warp4 = 10,14,shore,10,2,down
NPC1 = scout,12,6,Scout Hana,talk,scout,Tall grass hides the first five creatures. | North stairs return to town. East path enters Mist Grove. South path reaches the shore.
Grid = \
3,3,3,3,3,3,3,3,3,3,1,3,3,3,3,3,3,3,3,3\
3,0,5,0,2,2,0,10,10,10,1,10,10,10,0,2,6,0,5,3\
3,0,0,0,2,2,0,0,0,0,1,0,0,0,0,2,0,0,0,3\
3,5,1,1,1,1,1,1,1,1,1,1,1,1,1,1,1,1,0,3\
3,0,1,0,2,2,2,0,0,5,1,0,2,2,2,0,0,1,5,3\
3,0,1,0,2,2,0,0,0,0,1,0,0,2,2,0,6,1,0,3\
3,5,1,1,1,1,1,1,1,0,1,0,1,1,1,1,1,1,0,3\
3,0,0,4,4,0,5,0,1,0,1,0,0,0,4,4,0,1,5,3\
3,0,0,4,4,4,0,0,1,1,1,1,1,1,4,4,0,1,1,1\
3,5,0,0,0,0,6,0,0,0,1,0,0,1,0,0,0,0,0,3\
3,0,2,2,0,0,0,0,5,0,1,0,2,1,1,2,0,0,5,3\
3,0,2,2,2,0,1,1,1,1,1,1,1,1,0,2,2,0,0,3\
3,5,0,0,0,0,1,0,0,5,1,0,0,0,0,2,0,0,6,3\
3,0,0,0,0,0,1,1,1,1,1,1,1,0,0,0,5,0,0,3\
3,3,3,3,3,3,3,3,3,3,1,3,3,3,3,3,3,3,3,3

[grove]
Name = Mist Grove
Panorama = grove
Encounter = true
StartX = 2
StartY = 7
BGM = Grove
Warp1 = 0,7,route,17,8,left
Warp2 = 1,7,route,17,8,left
NPC1 = mystic,9,4,Mystic Rei,talk,mystic,Five rare blooms haunt this mist… | Spend skill points after leveling — open Skills from Party.
Grid = \
3,3,3,3,3,3,3,3,3,3,3,3,3,3,3,3,3,3,3,3\
3,0,0,5,0,2,2,2,0,0,5,0,2,2,0,0,6,0,0,3\
3,0,1,1,1,1,0,2,0,1,1,1,1,0,2,0,0,5,0,3\
3,5,1,0,2,1,0,0,0,1,0,2,1,1,1,1,1,1,0,3\
3,0,1,0,2,1,1,1,1,1,0,2,2,0,0,0,0,1,5,3\
3,0,1,0,0,0,0,5,0,1,0,0,2,2,2,0,6,1,0,3\
3,0,1,1,1,1,1,1,1,1,1,0,0,2,0,0,0,1,0,3\
1,1,1,0,0,4,4,0,0,0,1,1,1,1,1,1,1,1,0,3\
3,0,1,0,0,4,4,4,0,5,0,2,2,0,0,0,0,1,5,3\
3,0,1,1,1,0,0,0,0,0,0,2,2,2,0,5,0,1,0,3\
3,5,0,0,1,1,1,1,1,1,0,0,2,0,0,0,0,1,0,3\
3,0,2,0,0,0,5,0,0,1,1,1,1,1,1,0,2,1,0,3\
3,0,2,2,2,0,0,0,0,0,0,6,0,0,1,0,2,0,5,3\
3,0,0,5,0,0,0,0,0,0,0,0,0,0,1,1,1,0,0,3\
3,3,3,3,3,3,3,3,3,3,3,3,3,3,3,3,3,3,3,3

[shore]
Name = Tidebloom Shore
Panorama = shore
Encounter = true
StartX = 10
StartY = 2
BGM = Shore
Warp1 = 10,0,route,10,13,up
NPC1 = tidekeeper,14,6,Tidekeeper Ume,talk,mystic,Five coastal blooms live in the tide grass. | Pearlotter, Coralclaw, Kelpsong, Anemist, and Nightdrift.
Grid = \
3,3,3,3,3,3,3,3,3,3,1,3,3,3,3,3,3,3,3,3\
3,0,5,0,2,2,0,0,5,0,1,0,0,2,2,0,6,0,5,3\
3,0,1,1,1,1,1,1,1,1,1,1,1,1,1,1,1,1,0,3\
3,5,1,0,0,2,2,0,0,0,1,0,2,2,0,0,0,1,0,3\
3,0,1,0,2,2,2,2,0,5,1,0,2,2,2,0,0,1,5,3\
3,0,1,1,1,0,0,0,0,0,1,1,1,0,2,0,6,1,0,3\
3,0,0,0,1,1,1,1,1,0,0,0,1,1,1,1,1,1,0,3\
3,5,4,4,0,0,5,0,1,0,2,0,0,0,4,4,0,1,5,3\
3,0,4,4,4,0,0,0,1,1,1,1,1,0,4,4,0,1,0,3\
3,0,0,0,0,0,6,0,0,0,2,0,1,0,0,0,0,1,0,3\
3,0,2,2,0,0,0,0,5,0,2,0,1,1,1,2,0,1,5,3\
3,5,2,2,2,0,1,1,1,1,1,1,1,0,0,2,2,0,0,3\
3,0,0,0,1,1,1,0,0,5,0,0,0,0,0,2,0,0,6,3\
3,0,0,0,0,0,1,1,1,1,1,1,1,0,0,0,5,0,0,3\
3,3,3,3,3,3,3,3,3,3,3,3,3,3,3,3,3,3,3,3

[pen]
Name = Creature Pen
Panorama = pen
Encounter = false
StartX = 4
StartY = 12
BGM = Pen
Warp1 = 4,13,town,17,9,down
NPC1 = keeper,9,11,Pen Keeper Ren,pen,vendor,Welcome to the Creature Pen! | Deposit party friends here, or admire your Dex blooms.
Pens = 4,4;7,4;12,4;15,4;4,7;7,7;12,7;15,7
Grid = \
3,3,3,3,3,3,3,3,3,3,3,3,3,3,3,3,3,3,3,3\
3,8,8,8,8,8,8,8,8,8,8,8,8,8,8,8,8,8,8,3\
3,8,0,0,5,0,0,0,5,0,0,0,5,0,0,0,5,0,8,3\
3,8,0,1,1,1,1,1,1,1,1,1,1,1,1,1,1,0,8,3\
3,8,5,1,0,0,0,0,0,1,0,0,0,0,0,0,1,5,8,3\
3,8,0,1,0,0,0,0,0,1,0,0,0,0,0,0,1,0,8,3\
3,8,0,1,1,1,1,1,1,1,1,1,1,1,1,1,1,0,8,3\
3,8,5,1,0,0,0,0,0,1,0,0,0,0,0,0,1,5,8,3\
3,8,0,1,0,0,0,0,0,1,0,0,0,0,0,0,1,0,8,3\
3,8,0,1,1,1,1,1,1,1,1,1,1,1,1,1,1,0,8,3\
3,8,5,0,0,0,0,0,0,1,0,0,0,0,0,0,0,5,8,3\
3,8,0,0,0,0,0,0,0,1,0,0,0,0,0,0,0,0,8,3\
3,8,0,1,1,1,0,0,0,1,0,0,0,0,0,0,0,0,8,3\
3,8,8,8,1,8,8,8,8,8,8,8,8,8,8,8,8,8,8,3\
3,3,3,3,3,3,3,3,3,3,3,3,3,3,3,3,3,3,3,3
